0.000000E+00	
0.000000E+00	
7.000000E-10	
1.400000E-09	
2.100000E-09	
2.800000E-09	
3.500000E-09	
4.200000E-09	
4.900000E-09	
5.600000E-09	
6.300000E-09	
7.000000E-09	
7.700000E-09	
8.400000E-09	
9.100000E-09	
9.800000E-09	
1.050000E-08	
1.120000E-08	
1.190000E-08	
1.260000E-08	
1.330000E-08	
1.400000E-08	
1.470000E-08	
1.540000E-08	
1.610000E-08	
1.680000E-08	
1.750000E-08	
1.820000E-08	
1.890000E-08	
1.960000E-08	
2.030000E-08	
2.100000E-08	
2.170000E-08	
2.240000E-08	
2.310000E-08	
2.380000E-08	
2.450000E-08	
2.520000E-08	
2.590000E-08	
2.660000E-08	
2.730000E-08	
2.800000E-08	
2.870000E-08	
2.940000E-08	
3.010000E-08	
3.080000E-08	
3.150000E-08	
3.220000E-08	
3.290000E-08	
3.360000E-08	
3.430000E-08	
3.500000E-08	
3.570000E-08	
3.640000E-08	
3.710000E-08	
3.780000E-08	
3.850000E-08	
3.920000E-08	
3.990000E-08	
4.060000E-08	
4.130000E-08	
4.200000E-08	
4.270000E-08	
4.340000E-08	
4.410000E-08	
4.480000E-08	
4.550000E-08	
4.620000E-08	
4.690000E-08	
4.760000E-08	
4.830000E-08	
4.900000E-08	
4.970000E-08	
5.040000E-08	
5.110000E-08	
5.180000E-08	
5.250000E-08	
5.320000E-08	
5.390000E-08	
5.460000E-08	
5.530000E-08	
5.600000E-08	
5.670000E-08	
5.740000E-08	
5.810000E-08	
5.880000E-08	
5.950000E-08	
6.020000E-08	
6.090000E-08	
6.160000E-08	
6.230000E-08	
6.300000E-08	
6.370000E-08	
6.440000E-08	
6.510000E-08	
6.580000E-08	
6.650000E-08	
6.720000E-08	
6.790000E-08	
6.860000E-08	
6.930000E-08	
7.000000E-08	
7.070000E-08	
7.140000E-08	
7.210000E-08	
7.280000E-08	
7.350000E-08	
7.420000E-08	
7.490000E-08	
7.560000E-08	
7.630000E-08	
7.700000E-08	
7.770000E-08	
7.840000E-08	
7.910000E-08	
7.980000E-08	
8.050000E-08	
8.120000E-08	
8.190000E-08	
8.260000E-08	
8.330000E-08	
8.400000E-08	
8.470000E-08	
8.540000E-08	
8.610000E-08	
8.680000E-08	
8.750000E-08	
8.820000E-08	
8.890000E-08	
8.960000E-08	
9.030000E-08	
9.100000E-08	
9.170000E-08	
9.240000E-08	
9.310000E-08	
9.380000E-08	
9.450000E-08	
9.520000E-08	
9.590000E-08	
9.660000E-08	
9.730000E-08	
9.800000E-08	
9.870000E-08	
9.940000E-08	
1.001000E-07	
1.008000E-07	
1.015000E-07	
1.022000E-07	
1.029000E-07	
1.036000E-07	
1.043000E-07	
1.050000E-07	
1.057000E-07	
1.064000E-07	
1.071000E-07	
1.078000E-07	
1.085000E-07	
1.092000E-07	
1.099000E-07	
1.106000E-07	
1.113000E-07	
1.120000E-07	
1.127000E-07	
1.134000E-07	
1.141000E-07	
1.148000E-07	
1.155000E-07	
1.162000E-07	
1.169000E-07	
1.176000E-07	
1.183000E-07	
1.190000E-07	
1.197000E-07	
1.204000E-07	
1.211000E-07	
1.218000E-07	
1.225000E-07	
1.232000E-07	
1.239000E-07	
1.246000E-07	
1.253000E-07	
1.260000E-07	
1.267000E-07	
1.274000E-07	
1.281000E-07	
1.288000E-07	
1.295000E-07	
1.302000E-07	
1.309000E-07	
1.316000E-07	
1.323000E-07	
1.330000E-07	
1.337000E-07	
1.344000E-07	
1.351000E-07	
1.358000E-07	
1.365000E-07	
1.372000E-07	
1.379000E-07	
1.386000E-07	
1.393000E-07	
1.400000E-07	
1.407000E-07	
1.414000E-07	
1.421000E-07	
1.428000E-07	
1.435000E-07	
1.442000E-07	
1.449000E-07	
1.456000E-07	
1.463000E-07	
1.470000E-07	
1.477000E-07	
1.484000E-07	
1.491000E-07	
1.498000E-07	
1.505000E-07	
1.512000E-07	
1.519000E-07	
1.526000E-07	
1.533000E-07	
1.540000E-07	
1.547000E-07	
1.554000E-07	
1.561000E-07	
1.568000E-07	
1.575000E-07	
1.582000E-07	
1.589000E-07	
1.596000E-07	
1.603000E-07	
1.610000E-07	
1.617000E-07	
1.624000E-07	
1.631000E-07	
1.638000E-07	
1.645000E-07	
1.652000E-07	
1.659000E-07	
1.666000E-07	
1.673000E-07	
1.680000E-07	
1.687000E-07	
1.694000E-07	
1.701000E-07	
1.708000E-07	
1.715000E-07	
1.722000E-07	
1.729000E-07	
1.736000E-07	
1.743000E-07	
1.750000E-07	
1.757000E-07	
1.764000E-07	
1.771000E-07	
1.778000E-07	
1.785000E-07	
1.792000E-07	
1.799000E-07	
1.806000E-07	
1.813000E-07	
1.820000E-07	
1.827000E-07	
1.834000E-07	
1.841000E-07	
1.848000E-07	
1.855000E-07	
1.862000E-07	
1.869000E-07	
1.876000E-07	
1.883000E-07	
1.890000E-07	
1.897000E-07	
1.904000E-07	
1.911000E-07	
1.918000E-07	
1.925000E-07	
1.932000E-07	
1.939000E-07	
1.946000E-07	
1.953000E-07	
1.960000E-07	
1.967000E-07	
1.974000E-07	
1.981000E-07	
1.988000E-07	
1.995000E-07	
2.002000E-07	
2.009000E-07	
2.016000E-07	
2.023000E-07	
2.030000E-07	
2.037000E-07	
2.044000E-07	
2.051000E-07	
2.058000E-07	
2.065000E-07	
2.072000E-07	
2.079000E-07	
0.000000E+00	
0.000000E+00	
7.000000E-10	
1.400000E-09	
